[gd_scene load_steps=7 format=3 uid="uid://jntxin7vcjnp"]

[ext_resource type="PackedScene" uid="uid://cv2afui5p28af" path="res://objects/modules/mint/base_rooms/mint_diamond_room.tscn" id="1_4nthc"]
[ext_resource type="PackedScene" uid="uid://byrmf687ynghb" path="res://objects/props/mint/pipes/pipes_d1.tscn" id="4_7e7io"]
[ext_resource type="PackedScene" uid="uid://c1rus4vu8jrlg" path="res://objects/battle/battle_node/dynamic/battle_node_dynamic.tscn" id="4_mtmw1"]
[ext_resource type="PackedScene" uid="uid://drpj1lganwu6n" path="res://objects/props/mint/crossbeam.tscn" id="5_r2wtc"]

[sub_resource type="ConcavePolygonShape3D" id="ConcavePolygonShape3D_1bh8a"]
data = PackedVector3Array(-2926.45, 139.355, -3205.15, -2926.45, 418.064, -3205.15, -2508.38, 418.064, -3414.19, -2508.38, 418.064, -3414.19, -2508.38, 139.354, -3414.18, -2926.45, 139.355, -3205.15)
backface_collision = true

[sub_resource type="BoxShape3D" id="BoxShape3D_adqon"]
size = Vector3(13.5222, 9.50684, 8.9672)

[node name="Root Scene" instance=ExtResource("1_4nthc")]

[node name="StaticBody3D" type="StaticBody3D" parent="Z13_ALL/group1/piperoom/room/collsion_piperoom/W18/GeometryTransformHelper13" index="0"]

[node name="CollisionShape3D" type="CollisionShape3D" parent="Z13_ALL/group1/piperoom/room/collsion_piperoom/W18/GeometryTransformHelper13/StaticBody3D" index="0"]
shape = SubResource("ConcavePolygonShape3D_1bh8a")

[node name="Battles" type="Node3D" parent="." index="4"]

[node name="BattleNodeDynamic" parent="Battles" index="0" instance=ExtResource("4_mtmw1")]
transform = Transform3D(-4.37114e-08, 0, 1, 0, 1, 0, -1, 0, -4.37114e-08, 1.06622, 0, -12.7438)
cog_range = Vector2i(2, 3)
cog_dist = 0.5

[node name="CollisionShape3D" type="CollisionShape3D" parent="Battles/BattleNodeDynamic" index="4"]
transform = Transform3D(0.989437, 0, -0.144961, 0, 1, 0, 0.144961, 0, 0.989437, -1.20049, 4.25342, 0.279742)
shape = SubResource("BoxShape3D_adqon")

[node name="BattleNodeDynamic2" parent="Battles" index="1" instance=ExtResource("4_mtmw1")]
transform = Transform3D(-4.37114e-08, 0, 1, 0, 1, 0, -1, 0, -4.37114e-08, 1.06622, 0, 13.1897)
cog_range = Vector2i(2, 3)
cog_dist = 0.0

[node name="CollisionShape3D" type="CollisionShape3D" parent="Battles/BattleNodeDynamic2" index="4"]
transform = Transform3D(0.989437, 0, -0.144961, 0, 1, 0, 0.144961, 0, 0.989437, -1.20049, 4.25342, 0.279742)
shape = SubResource("BoxShape3D_adqon")

[node name="Pipes" type="Node3D" parent="." index="11"]

[node name="pipes_D1" parent="Pipes" index="0" instance=ExtResource("4_7e7io")]
transform = Transform3D(-0.866025, 0, -0.5, 0, 1, 0, 0.5, 0, -0.866025, 17.917, 0, 9.33702)

[node name="pipes_D2" parent="Pipes" index="1" instance=ExtResource("4_7e7io")]
transform = Transform3D(0.866025, 0, 0.5, 0, 1, 0, -0.5, 0, 0.866025, -16.8571, 0, -9.05931)

[node name="pipes_A1" parent="." index="12" instance=ExtResource("5_r2wtc")]
transform = Transform3D(0.91385, 0, -0.406051, 0, 1, 0, 0.406051, 0, 0.91385, -18.0296, 0, 12.3841)

[node name="pipes_A2" parent="." index="13" instance=ExtResource("5_r2wtc")]
transform = Transform3D(0.91385, 0, -0.406051, 0, 1, 0, 0.406051, 0, 0.91385, 13.0694, 0, -13.5431)
