[gd_scene load_steps=3 format=3 uid="uid://dfqkm6eljjh2b"]

[ext_resource type="PackedScene" uid="uid://tyh04q1b13e1" path="res://objects/modules/mint/base_rooms/mint_paint_room.tscn" id="1_mr5os"]
[ext_resource type="PackedScene" uid="uid://q13pfs05aior" path="res://objects/obstacles/paint_platform/paintmixer_platform.tscn" id="2_4rbvj"]

[node name="Root Scene" instance=ExtResource("1_mr5os")]

[node name="Platforms" type="Node3D" parent="." index="5"]

[node name="PaintPlatform" parent="Platforms" index="0" instance=ExtResource("2_4rbvj")]
transform = Transform3D(0.866025, 0, 0.5, 0, 1, 0, -0.5, 0, 0.866025, -6.05047, 1.5399, -1.77307)
texture_type = 1
points = Array[Vector3]([Vector3(-1.561, 1.54, -4.535)])

[node name="PaintPlatform2" parent="Platforms" index="1" instance=ExtResource("2_4rbvj")]
transform = Transform3D(0.866025, 0, 0.5, 0, 1, 0, -0.5, 0, 0.866025, 0.586496, 1.5399, 2.1196)
texture_type = 1
points = Array[Vector3]([Vector3(0.051, 1.54, 0)])

[node name="PaintPlatform3" parent="Platforms" index="2" instance=ExtResource("2_4rbvj")]
transform = Transform3D(0.866025, 0, 0.5, 0, 1, 0, -0.5, 0, 0.866025, 5.87016, 1.5399, 4.16829)
texture_type = 1
points = Array[Vector3]([Vector3(8.988, 1.54, 2.608)])
