[gd_scene load_steps=44 format=3 uid="uid://cqxrerk1d75to"]

[ext_resource type="PackedScene" uid="uid://b0d1er4oqiqcn" path="res://objects/general_ui/general_button/general_button.tscn" id="1_6oj83"]
[ext_resource type="Script" uid="uid://bg0as47hsfrlg" path="res://scenes/title_screen/title_screen.gd" id="1_pgrta"]
[ext_resource type="FontFile" uid="uid://dyjvd6wmo0bmg" path="res://fonts/vtRemingtonPortable.ttf" id="9_ikkwa"]
[ext_resource type="FontFile" uid="uid://cup2yr5w7or1l" path="res://fonts/Minnie.TTF" id="10_dmagf"]
[ext_resource type="Shader" uid="uid://ryrnfqn0ixe5" path="res://scenes/title_screen/hue_shift.gdshader" id="10_ngpco"]
[ext_resource type="Texture2D" uid="uid://ddcktpjy3gdew" path="res://ui_assets/misc/uiAccessoryDelete_up.png" id="11_iexge"]
[ext_resource type="PackedScene" uid="uid://dkd6dg5s5uuef" path="res://objects/general_ui/base_panel.tscn" id="11_s4o3l"]
[ext_resource type="Texture2D" uid="uid://b7ri5sq021cvo" path="res://ui_assets/misc/uiAccessoryDelete_down.png" id="12_nwwc5"]
[ext_resource type="Texture2D" uid="uid://dn8vndd37lqom" path="res://ui_assets/misc/uiAccessoryDelete_rollover.png" id="13_glcqf"]
[ext_resource type="FontFile" uid="uid://815gwlftl5ik" path="res://fonts/impress-bt.ttf" id="14_ndcfx"]
[ext_resource type="PackedScene" uid="uid://celxj5u1aay0l" path="res://objects/props/etc/wood_crate.tscn" id="15_1sq1o"]
[ext_resource type="PackedScene" uid="uid://bqneqxfv6jbkv" path="res://objects/props/shticks/cog_building/cog_building.tscn" id="15_7ysqf"]
[ext_resource type="PackedScene" uid="uid://ciyyhun2e5nmf" path="res://objects/props/etc/crate/crate_general.tscn" id="16_lphp2"]
[ext_resource type="Texture2D" uid="uid://dtycf03soy7uj" path="res://ui_assets/general/logo.png" id="16_yo3if"]
[ext_resource type="PackedScene" uid="uid://rriejmaesd7l" path="res://objects/props/factory/gear.tscn" id="17_tctok"]
[ext_resource type="PackedScene" uid="uid://hox57qqxnjdl" path="res://objects/props/factory/gear_post.tscn" id="18_ma6qb"]
[ext_resource type="PackedScene" uid="uid://bftnews8dsdpb" path="res://objects/props/office/paper_twist_stacks.tscn" id="19_71dcx"]
[ext_resource type="PackedScene" uid="uid://ca5iu2h5u2ltv" path="res://objects/props/mint/mint_safe.tscn" id="20_8bdpp"]
[ext_resource type="PackedScene" uid="uid://b057pepdja8q2" path="res://models/misc_zones/menu/menu_terrain.tscn" id="21_1byba"]
[ext_resource type="PackedScene" uid="uid://b4kk4sdrhkn2g" path="res://objects/props/office/cardboard_box.tscn" id="21_eobd2"]
[ext_resource type="PackedScene" uid="uid://cfmtdq84k5wwh" path="res://objects/props/mint/pipes/kit/pipe_connector.tscn" id="21_oqgu4"]
[ext_resource type="PackedScene" uid="uid://c3x8mxt3ia342" path="res://models/props/cog_props/golf/golf_club.glb" id="22_rarwc"]
[ext_resource type="PackedScene" uid="uid://pq0rcfen8e6i" path="res://objects/props/mint/pipes/kit/small_elbow_connector_pipe.tscn" id="23_felk4"]
[ext_resource type="PackedScene" uid="uid://ds050pq3gfubn" path="res://objects/props/mint/pipes/kit/large_straight_pipe_1.tscn" id="24_pfcsj"]
[ext_resource type="PackedScene" uid="uid://csdrrw6xiokuy" path="res://objects/props/mint/pipes/kit/pipe_shadow.tscn" id="24_uev5m"]
[ext_resource type="PackedScene" uid="uid://duuriwh75afua" path="res://objects/props/mint/mint_crate.tscn" id="25_5he60"]
[ext_resource type="PackedScene" uid="uid://bolaea3btm1ae" path="res://objects/props/office/da_crate.tscn" id="26_7gl7a"]
[ext_resource type="Script" uid="uid://dyt7mhhg2lwrv" path="res://objects/interactables/mole_stomp/mole_stomp.gd" id="27_hepkt"]

[sub_resource type="CapsuleShape3D" id="CapsuleShape3D_j5ei2"]

[sub_resource type="LabelSettings" id="LabelSettings_v8joy"]
resource_local_to_scene = true
font = ExtResource("9_ikkwa")
font_size = 36
font_color = Color(0.999911, 0.640551, 0.225015, 1)
shadow_color = Color(0, 0, 0, 1)
shadow_offset = Vector2(2, 2)

[sub_resource type="LabelSettings" id="LabelSettings_pqt5k"]
font = ExtResource("14_ndcfx")
shadow_color = Color(0, 0, 0, 1)

[sub_resource type="ShaderMaterial" id="ShaderMaterial_gltlf"]
shader = ExtResource("10_ngpco")
shader_parameter/Shift_Hue = 0.715
shader_parameter/alpha = 1.0

[sub_resource type="LabelSettings" id="LabelSettings_5vlir"]
font = ExtResource("14_ndcfx")
font_size = 24

[sub_resource type="LabelSettings" id="LabelSettings_1pg68"]
font = ExtResource("10_dmagf")
font_size = 48
font_color = Color(1, 1, 0, 1)
shadow_size = 8
shadow_color = Color(0.411688, 0.411688, 3.85046e-07, 1)

[sub_resource type="ShaderMaterial" id="ShaderMaterial_fdkeb"]
resource_local_to_scene = true
shader = ExtResource("10_ngpco")
shader_parameter/Shift_Hue = 0.585
shader_parameter/alpha = 1.0

[sub_resource type="ShaderMaterial" id="ShaderMaterial_iewbm"]
shader = ExtResource("10_ngpco")
shader_parameter/Shift_Hue = 0.585
shader_parameter/alpha = 1.0

[sub_resource type="ShaderMaterial" id="ShaderMaterial_qc33f"]
shader = ExtResource("10_ngpco")
shader_parameter/Shift_Hue = 0.045
shader_parameter/alpha = 1.0

[sub_resource type="ShaderMaterial" id="ShaderMaterial_hdew4"]
resource_local_to_scene = true
shader = ExtResource("10_ngpco")
shader_parameter/Shift_Hue = 0.585
shader_parameter/alpha = 1.0

[sub_resource type="LabelSettings" id="LabelSettings_md63d"]
font = ExtResource("10_dmagf")
font_size = 36
font_color = Color(0.19651, 0.579885, 0.918822, 1)
shadow_color = Color(0, 0, 0, 1)

[sub_resource type="LabelSettings" id="LabelSettings_qrfg2"]
font = ExtResource("14_ndcfx")
font_size = 22
font_color = Color(0.0846899, 0.0846899, 0.0846899, 1)
shadow_color = Color(0, 0, 0, 0.0941176)

[sub_resource type="LabelSettings" id="LabelSettings_kkjkl"]
font = ExtResource("14_ndcfx")
font_size = 24

[sub_resource type="ShaderMaterial" id="ShaderMaterial_om0tp"]
shader = ExtResource("10_ngpco")
shader_parameter/Shift_Hue = 0.585
shader_parameter/alpha = 1.0

[sub_resource type="Environment" id="Environment_77gfr"]
ambient_light_source = 2
ambient_light_color = Color(1, 1, 1, 1)
ssr_max_steps = 142
ssr_fade_in = 0.764735
ssr_fade_out = 1.36604
ssr_depth_tolerance = 28.01
ssao_power = 1e+06
glow_normalized = true
glow_intensity = 8.0
glow_bloom = 1.0
glow_blend_mode = 1
glow_hdr_threshold = 4.0
glow_hdr_scale = 4.0
glow_hdr_luminance_cap = 28.2
glow_map_strength = 1.0
fog_light_color = Color(0, 0, 0, 1)
fog_density = 0.3
volumetric_fog_density = 0.293
volumetric_fog_albedo = Color(0, 0, 0, 1)
adjustment_brightness = 2.55
adjustment_contrast = 8.0
adjustment_saturation = 8.0

[node name="TitleScreen" type="Control"]
layout_mode = 3
anchors_preset = 15
anchor_right = 1.0
anchor_bottom = 1.0
grow_horizontal = 2
grow_vertical = 2
mouse_filter = 2
script = ExtResource("1_pgrta")
toon_collision = SubResource("CapsuleShape3D_j5ei2")

[node name="GUI" type="Control" parent="."]
layout_mode = 1
anchors_preset = 15
anchor_right = 1.0
anchor_bottom = 1.0
grow_horizontal = 2
grow_vertical = 2
mouse_filter = 2

[node name="Logo" type="Control" parent="GUI"]
layout_mode = 1
anchors_preset = 15
anchor_right = 1.0
anchor_bottom = 1.0
grow_horizontal = 2
grow_vertical = 2

[node name="ClickLabel" type="Label" parent="GUI/Logo"]
unique_name_in_owner = true
layout_mode = 1
anchors_preset = 7
anchor_left = 0.5
anchor_top = 1.0
anchor_right = 0.5
anchor_bottom = 1.0
offset_left = -183.5
offset_top = -59.0
offset_right = 183.5
offset_bottom = -15.0
grow_horizontal = 2
grow_vertical = 0
text = "Click to begin..."
label_settings = SubResource("LabelSettings_v8joy")
horizontal_alignment = 1

[node name="GameLogo" type="TextureRect" parent="GUI/Logo"]
layout_mode = 1
anchors_preset = 8
anchor_left = 0.5
anchor_top = 0.5
anchor_right = 0.5
anchor_bottom = 0.5
offset_left = -367.0
offset_top = -281.0
offset_right = 367.0
offset_bottom = 281.0
grow_horizontal = 2
grow_vertical = 2
texture = ExtResource("16_yo3if")
expand_mode = 1
stretch_mode = 4

[node name="VersionLabel" type="Label" parent="GUI/Logo"]
unique_name_in_owner = true
layout_mode = 1
anchors_preset = 2
anchor_top = 1.0
anchor_bottom = 1.0
offset_left = 6.0
offset_top = -25.0
offset_right = 34.0
offset_bottom = -2.0
grow_vertical = 0
text = "v1.0"
label_settings = SubResource("LabelSettings_pqt5k")

[node name="ReleaseNotesButton" parent="GUI/Logo" instance=ExtResource("1_6oj83")]
unique_name_in_owner = true
material = SubResource("ShaderMaterial_gltlf")
custom_minimum_size = Vector2(150, 70)
layout_mode = 1
anchors_preset = 3
anchor_left = 1.0
anchor_top = 1.0
anchor_right = 1.0
anchor_bottom = 1.0
offset_left = -200.0
offset_top = -70.0
offset_right = 0.0
offset_bottom = 0.0
grow_horizontal = 0
grow_vertical = 0
size_flags_horizontal = 10
texture_normal = ExtResource("11_iexge")
texture_pressed = ExtResource("12_nwwc5")
texture_hover = ExtResource("13_glcqf")
texture_disabled = null
hover_db_offset = 6.0
press_db_offset = 0.0
text = "Release Notes"

[node name="Label" parent="GUI/Logo/ReleaseNotesButton" index="0"]
text = "Release Notes"
label_settings = SubResource("LabelSettings_5vlir")

[node name="NewGameMenu" type="Control" parent="GUI"]
unique_name_in_owner = true
visible = false
layout_mode = 1
anchors_preset = 15
anchor_right = 1.0
anchor_bottom = 1.0
grow_horizontal = 2
grow_vertical = 2
mouse_filter = 2

[node name="PickAToonLabel" type="Label" parent="GUI/NewGameMenu"]
unique_name_in_owner = true
layout_mode = 1
anchors_preset = 5
anchor_left = 0.5
anchor_right = 0.5
offset_left = -20.0
offset_top = 14.0
offset_right = 20.0
offset_bottom = 37.0
grow_horizontal = 2
text = "Pick a Toon to Play!"
label_settings = SubResource("LabelSettings_1pg68")
horizontal_alignment = 1
vertical_alignment = 1

[node name="ButtonContainer" type="HBoxContainer" parent="GUI/NewGameMenu"]
layout_mode = 1
anchors_preset = 12
anchor_top = 1.0
anchor_right = 1.0
anchor_bottom = 1.0
offset_top = -64.0
grow_horizontal = 2
grow_vertical = 0
alignment = 1

[node name="BackButton" parent="GUI/NewGameMenu/ButtonContainer" instance=ExtResource("1_6oj83")]
unique_name_in_owner = true
material = SubResource("ShaderMaterial_fdkeb")
custom_minimum_size = Vector2(164, 64)
layout_mode = 2
size_flags_horizontal = 0
texture_normal = ExtResource("11_iexge")
texture_pressed = ExtResource("12_nwwc5")
texture_hover = ExtResource("13_glcqf")
texture_disabled = null
hover_db_offset = 6.0
press_db_offset = 0.0
text = "Back"

[node name="Label" parent="GUI/NewGameMenu/ButtonContainer/BackButton" index="0"]
text = "Back"
label_settings = SubResource("LabelSettings_5vlir")

[node name="ExtrasButton" parent="GUI/NewGameMenu/ButtonContainer" instance=ExtResource("1_6oj83")]
unique_name_in_owner = true
material = SubResource("ShaderMaterial_gltlf")
custom_minimum_size = Vector2(164, 64)
layout_mode = 2
size_flags_horizontal = 10
texture_normal = ExtResource("11_iexge")
texture_pressed = ExtResource("12_nwwc5")
texture_hover = ExtResource("13_glcqf")
texture_disabled = null
hover_db_offset = 6.0
press_db_offset = 0.0
text = "Extras"

[node name="Label" parent="GUI/NewGameMenu/ButtonContainer/ExtrasButton" index="0"]
text = "Extras"
label_settings = SubResource("LabelSettings_5vlir")

[node name="SettingsButton" parent="GUI/NewGameMenu/ButtonContainer" instance=ExtResource("1_6oj83")]
unique_name_in_owner = true
material = SubResource("ShaderMaterial_iewbm")
custom_minimum_size = Vector2(164, 64)
layout_mode = 2
size_flags_horizontal = 10
texture_normal = ExtResource("11_iexge")
texture_pressed = ExtResource("12_nwwc5")
texture_hover = ExtResource("13_glcqf")
texture_disabled = null
hover_db_offset = 6.0
press_db_offset = 0.0
text = "Settings"

[node name="Label" parent="GUI/NewGameMenu/ButtonContainer/SettingsButton" index="0"]
text = "Settings"
label_settings = SubResource("LabelSettings_5vlir")

[node name="QuitButton" parent="GUI/NewGameMenu/ButtonContainer" instance=ExtResource("1_6oj83")]
unique_name_in_owner = true
custom_minimum_size = Vector2(164, 64)
layout_mode = 2
size_flags_horizontal = 10
texture_normal = ExtResource("11_iexge")
texture_pressed = ExtResource("12_nwwc5")
texture_hover = ExtResource("13_glcqf")
texture_disabled = null
hover_db_offset = 6.0
press_db_offset = 0.0
text = "	Quit"

[node name="Label" parent="GUI/NewGameMenu/ButtonContainer/QuitButton" index="0"]
text = "	Quit"
label_settings = SubResource("LabelSettings_5vlir")

[node name="MiddleButtons" type="VBoxContainer" parent="GUI/NewGameMenu"]
unique_name_in_owner = true
layout_mode = 1
anchors_preset = 8
anchor_left = 0.5
anchor_top = 0.5
anchor_right = 0.5
anchor_bottom = 0.5
offset_left = -82.0
offset_top = -167.0
offset_right = 82.0
offset_bottom = 167.0
grow_horizontal = 2
grow_vertical = 2
alignment = 1

[node name="NewGameButton" parent="GUI/NewGameMenu/MiddleButtons" instance=ExtResource("1_6oj83")]
unique_name_in_owner = true
material = SubResource("ShaderMaterial_qc33f")
custom_minimum_size = Vector2(164, 64)
layout_mode = 2
size_flags_horizontal = 0
texture_normal = ExtResource("11_iexge")
texture_pressed = ExtResource("12_nwwc5")
texture_hover = ExtResource("13_glcqf")
texture_disabled = null
hover_db_offset = 6.0
press_db_offset = 0.0
text = "New Game"

[node name="Label" parent="GUI/NewGameMenu/MiddleButtons/NewGameButton" index="0"]
text = "New Game"
label_settings = SubResource("LabelSettings_5vlir")

[node name="ContinueButton" parent="GUI/NewGameMenu/MiddleButtons" instance=ExtResource("1_6oj83")]
unique_name_in_owner = true
material = SubResource("ShaderMaterial_hdew4")
custom_minimum_size = Vector2(164, 64)
layout_mode = 2
size_flags_horizontal = 0
texture_normal = ExtResource("11_iexge")
texture_pressed = ExtResource("12_nwwc5")
texture_hover = ExtResource("13_glcqf")
texture_disabled = null
hover_db_offset = 6.0
press_db_offset = 0.0
text = "Continue"

[node name="Label" parent="GUI/NewGameMenu/MiddleButtons/ContinueButton" index="0"]
text = "Continue"
label_settings = SubResource("LabelSettings_5vlir")

[node name="ToonSummary" type="Control" parent="GUI"]
unique_name_in_owner = true
visible = false
layout_mode = 1
anchors_preset = 15
anchor_right = 1.0
anchor_bottom = 1.0
grow_horizontal = 2
grow_vertical = 2
mouse_filter = 2

[node name="Panel" type="Control" parent="GUI/ToonSummary"]
layout_mode = 1
anchors_preset = 5
anchor_left = 0.5
anchor_right = 0.5
offset_left = -268.0
offset_right = 268.0
offset_bottom = 320.0
grow_horizontal = 2

[node name="Panel" parent="GUI/ToonSummary/Panel" instance=ExtResource("11_s4o3l")]
layout_mode = 1
anchors_preset = 15
anchor_right = 1.0
anchor_bottom = 1.0
offset_right = 0.0
offset_bottom = 0.0
grow_horizontal = 2
grow_vertical = 2

[node name="ToonName" type="Label" parent="GUI/ToonSummary/Panel"]
unique_name_in_owner = true
layout_mode = 1
anchors_preset = 10
anchor_right = 1.0
offset_left = -0.400024
offset_top = 44.0
offset_right = -0.400024
offset_bottom = 90.0
grow_horizontal = 2
text = "Toon Name"
label_settings = SubResource("LabelSettings_md63d")
horizontal_alignment = 1

[node name="MarginContainer" type="MarginContainer" parent="GUI/ToonSummary/Panel"]
layout_mode = 1
anchors_preset = 15
anchor_right = 1.0
anchor_bottom = 1.0
grow_horizontal = 2
grow_vertical = 2
theme_override_constants/margin_left = 40
theme_override_constants/margin_top = 40
theme_override_constants/margin_right = 40
theme_override_constants/margin_bottom = 40

[node name="VBoxContainer" type="VBoxContainer" parent="GUI/ToonSummary/Panel/MarginContainer"]
layout_mode = 2

[node name="Spacer" type="Control" parent="GUI/ToonSummary/Panel/MarginContainer/VBoxContainer"]
custom_minimum_size = Vector2(0, 36)
layout_mode = 2

[node name="SummaryDesc" type="Label" parent="GUI/ToonSummary/Panel/MarginContainer/VBoxContainer"]
unique_name_in_owner = true
custom_minimum_size = Vector2(50, 32)
layout_mode = 2
text = "this one does stuff (real)"
label_settings = SubResource("LabelSettings_qrfg2")
autowrap_mode = 3

[node name="HBoxContainer" type="HBoxContainer" parent="GUI/ToonSummary/Panel"]
layout_mode = 1
anchors_preset = 12
anchor_top = 1.0
anchor_right = 1.0
anchor_bottom = 1.0
offset_left = 38.6
offset_top = -91.0
offset_right = -39.4
offset_bottom = -31.0
grow_horizontal = 2
grow_vertical = 0
alignment = 1

[node name="Cancel" parent="GUI/ToonSummary/Panel/HBoxContainer" instance=ExtResource("1_6oj83")]
custom_minimum_size = Vector2(140, 60)
layout_mode = 2
texture_normal = ExtResource("11_iexge")
texture_pressed = ExtResource("12_nwwc5")
texture_hover = ExtResource("13_glcqf")
texture_disabled = null
hover_db_offset = 6.0
press_db_offset = 0.0
text = "Cancel"

[node name="Label" parent="GUI/ToonSummary/Panel/HBoxContainer/Cancel" index="0"]
text = "Cancel"
label_settings = SubResource("LabelSettings_kkjkl")

[node name="PlayButton" parent="GUI/ToonSummary/Panel/HBoxContainer" instance=ExtResource("1_6oj83")]
material = SubResource("ShaderMaterial_om0tp")
custom_minimum_size = Vector2(140, 60)
layout_mode = 2
texture_normal = ExtResource("11_iexge")
texture_pressed = ExtResource("12_nwwc5")
texture_hover = ExtResource("13_glcqf")
texture_disabled = null
hover_db_offset = 6.0
press_db_offset = 0.0
text = "Play"

[node name="Label" parent="GUI/ToonSummary/Panel/HBoxContainer/PlayButton" index="0"]
text = "Play"
label_settings = SubResource("LabelSettings_kkjkl")

[node name="World3D" type="Node3D" parent="."]

[node name="WorldEnvironment" type="WorldEnvironment" parent="World3D"]
environment = SubResource("Environment_77gfr")

[node name="CogBuilding" parent="World3D" instance=ExtResource("15_7ysqf")]
unique_name_in_owner = true
transform = Transform3D(15, 0, 0, 0, 15, 0, 0, 0, 15, 0, -0.005, 0)
building_name = "An Ordinary Cog Building"

[node name="SpringArm" type="SpringArm3D" parent="World3D"]
transform = Transform3D(1, 0, 0, 0, 0.927184, 0.374607, 0, -0.374607, 0.927184, 0, 5, 8.025)
collision_mask = 0
spring_length = 24.0

[node name="Camera" type="Camera3D" parent="World3D/SpringArm"]
current = true
fov = 58.5

[node name="ToonOrigin" type="Node3D" parent="World3D"]
transform = Transform3D(1, 0, 0, 0, 1, 0, 0, 0, 1, 0, 0, 2.99648)

[node name="Props" type="Node3D" parent="World3D"]

[node name="BuildingProps" type="Node3D" parent="World3D/Props"]

[node name="wood_crate" parent="World3D/Props/BuildingProps" instance=ExtResource("15_1sq1o")]
transform = Transform3D(1.13865, 0, 0.725235, 0, 1.35, 0, -0.725235, 0, 1.13865, -5.83273, 0, 1.60224)

[node name="wood_crate3" parent="World3D/Props/BuildingProps" instance=ExtResource("15_1sq1o")]
transform = Transform3D(1.13865, 0, 0.725235, 0, 1.35, 0, -0.725235, 0, 1.13865, 9.62601, 0, -1.49153)

[node name="wood_crate4" parent="World3D/Props/BuildingProps" instance=ExtResource("15_1sq1o")]
transform = Transform3D(0.358672, 0, 0.825442, 0, 0.9, 0, -0.825442, 0, 0.358672, 6.70285, 0, -4.534)

[node name="wood_crate5" parent="World3D/Props/BuildingProps" instance=ExtResource("15_1sq1o")]
transform = Transform3D(-0.044323, 0, 0.748689, 0, 0.75, 0, -0.748689, 0, -0.044323, 4.71725, 0, -4.72967)

[node name="wood_crate6" parent="World3D/Props/BuildingProps" instance=ExtResource("15_1sq1o")]
transform = Transform3D(-0.0768265, 0, 1.29773, 0, 1.3, 0, -1.29773, 0, -0.0768265, 4.66053, 6.0466, -19.4985)

[node name="wood_crate7" parent="World3D/Props/BuildingProps" instance=ExtResource("15_1sq1o")]
transform = Transform3D(-0.798206, 0, 1.26999, 0, 1.5, 0, -1.26999, 0, -0.798206, 11.3082, 6.0466, -15.5795)

[node name="wood_crate2" parent="World3D/Props/BuildingProps" instance=ExtResource("15_1sq1o")]
transform = Transform3D(0.897694, 0, -0.064379, 0, 0.9, 0, 0.064379, 0, 0.897694, 5.46997, 0, 3.40269)

[node name="crate_general" parent="World3D/Props/BuildingProps" instance=ExtResource("16_lphp2")]
transform = Transform3D(1.91315, 0, -0.582974, 0, 2, 0, 0.582974, 0, 1.91315, 6.35147, 0, 0.826435)

[node name="crate_general5" parent="World3D/Props/BuildingProps" instance=ExtResource("16_lphp2")]
transform = Transform3D(1.91315, 0, -0.582974, 0, 2, 0, 0.582974, 0, 1.91315, 16.8093, 6.0301, -16.303)

[node name="crate_general8" parent="World3D/Props/BuildingProps" instance=ExtResource("16_lphp2")]
transform = Transform3D(3.82987, 0, 2.40993, 0, 4.525, 0, -2.40993, 0, 3.82987, 44.6011, 3.9922, 4.40639)

[node name="crate_general6" parent="World3D/Props/BuildingProps" instance=ExtResource("16_lphp2")]
transform = Transform3D(2.76133, 0, 1.879, 0, 3.34, 0, -1.879, 0, 2.76133, 21.7225, 6.0301, -19.6817)

[node name="crate_general7" parent="World3D/Props/BuildingProps" instance=ExtResource("16_lphp2")]
transform = Transform3D(-1.16368, 0, 3.13072, 0, 3.34, 0, -3.13072, 0, -1.16368, -23.1255, 6.0301, -20.0753)

[node name="crate_general9" parent="World3D/Props/BuildingProps" instance=ExtResource("16_lphp2")]
transform = Transform3D(-4.82552, 0.27134, 4.16475, 1.00866, 6.2536, 0.761261, -4.04986, 1.23422, -4.77281, -18.3614, 6.48042, -37.2718)

[node name="crate_general10" parent="World3D/Props/BuildingProps" instance=ExtResource("16_lphp2")]
transform = Transform3D(-5.60406, -1.76952, 2.48348, -1.86213, 6.10049, 0.144727, -2.41481, -0.597726, -5.87501, 32.3971, 0.792261, 42.242)

[node name="crate_general3" parent="World3D/Props/BuildingProps" instance=ExtResource("16_lphp2")]
transform = Transform3D(2.5674, 0, 0.31573, 0, 1.3, 0, -0.410449, 0, 1.97492, -6.36731, 0, -3.5628)

[node name="crate_general2" parent="World3D/Props/BuildingProps" instance=ExtResource("16_lphp2")]
transform = Transform3D(1.0595, 0, -0.753306, 0, 1.3, 0, 0.753306, 0, 1.0595, 9.3431, 0, 2.50452)

[node name="crate_general4" parent="World3D/Props/BuildingProps" instance=ExtResource("16_lphp2")]
transform = Transform3D(1.03154, 0, -0.381989, 0, 1.1, 0, 0.381989, 0, 1.03154, -8.12903, 0, 0.0824487)

[node name="gear" parent="World3D/Props/BuildingProps" instance=ExtResource("17_tctok")]
transform = Transform3D(0.989853, -0.0609111, -0.128375, -0.0679164, 0.590764, -0.803981, 0.124811, 0.804542, 0.580633, 8.04491, 2.03292, 4.67847)

[node name="gear2" parent="World3D/Props/BuildingProps" instance=ExtResource("17_tctok")]
transform = Transform3D(0.4, 0, 0, 0, 0.4, 0, 0, 0, 0.4, -5.87667, 2.45782, 1.48409)

[node name="gear4" parent="World3D/Props/BuildingProps" instance=ExtResource("17_tctok")]
transform = Transform3D(0.4, 0, 0, 0, 0.4, 0, 0, 0, 0.4, -5.87667, 3.12411, 1.48409)

[node name="gear3" parent="World3D/Props/BuildingProps" instance=ExtResource("17_tctok")]
transform = Transform3D(0.370625, 0, 0.150457, 0, 0.4, 0, -0.150457, 0, 0.370625, -5.87667, 2.79421, 1.48409)

[node name="gear6" parent="World3D/Props/BuildingProps" instance=ExtResource("17_tctok")]
transform = Transform3D(1.1, 0, 0, 0, 1.1, 0, 0, 0, 1.1, -0.0637212, 0.568655, -5.35205)

[node name="gear7" parent="World3D/Props/BuildingProps" instance=ExtResource("17_tctok")]
transform = Transform3D(1.01922, 0, 0.413758, 0, 1.1, 0, -0.413758, 0, 1.01922, -0.0637212, 1.4794, -5.35205)

[node name="gear5" parent="World3D/Props/BuildingProps" instance=ExtResource("17_tctok")]
transform = Transform3D(0.370625, 0, 0.150457, 0, 0.4, 0, -0.150457, 0, 0.370625, -5.87667, 3.45108, 1.48409)

[node name="gear_post" parent="World3D/Props/BuildingProps" instance=ExtResource("18_ma6qb")]
transform = Transform3D(-8.25449e-08, 1.88841, 0.658722, -2, -8.74228e-08, 0, 2.87937e-08, -0.658722, 1.88841, -7.04059, 0.113178, 3.90323)

[node name="gear_post5" parent="World3D/Props/BuildingProps" instance=ExtResource("18_ma6qb")]
transform = Transform3D(-2.40743e-07, 5.50757, -2.38049, -6, -2.62268e-07, 2.52048e-13, -1.04054e-07, 2.38049, 5.50757, 17.2478, 6.37823, -12.9056)

[node name="gear_post7" parent="World3D/Props/BuildingProps" instance=ExtResource("18_ma6qb")]
transform = Transform3D(-2.56157e-07, 5.86019, -1.2877, -6, -2.62268e-07, 2.58324e-13, -5.62868e-08, 1.2877, 5.86019, 17.8396, 6.37823, -13.8585)

[node name="gear_post6" parent="World3D/Props/BuildingProps" instance=ExtResource("18_ma6qb")]
transform = Transform3D(0.891315, 3.69343, 4.64372, -5.91552, 0.917772, 0.405463, -0.460721, -4.63856, 3.77776, 18.3453, 6.37823, -6.23366)

[node name="gear_post8" parent="World3D/Props/BuildingProps" instance=ExtResource("18_ma6qb")]
transform = Transform3D(9.11223, 4.36669, 6.47297, -6.94344, 9.08198, 3.64779, -3.57155, -6.51535, 9.42307, 14.7459, -0.350792, -39.8967)

[node name="gear_post9" parent="World3D/Props/BuildingProps" instance=ExtResource("18_ma6qb")]
transform = Transform3D(8.33581, -8.62045, 0.44956, 5.06543, 5.39093, 9.44878, -6.98969, -6.37383, 7.38366, 4.42539, 4.06445, -39.7909)

[node name="gear_post2" parent="World3D/Props/BuildingProps" instance=ExtResource("18_ma6qb")]
transform = Transform3D(-8.67854e-08, 1.98542, 0.241071, -2, -8.74228e-08, 0, 1.05375e-08, -0.241071, 1.98542, -7.59517, 0.113178, 4.43929)

[node name="gear_post3" parent="World3D/Props/BuildingProps" instance=ExtResource("18_ma6qb")]
transform = Transform3D(-7.67118e-08, 1.75496, -0.959222, -2, -8.74228e-08, 0, -4.19289e-08, 0.959222, 1.75496, -9.1872, 0.113178, 1.6965)

[node name="gear_post4" parent="World3D/Props/BuildingProps" instance=ExtResource("18_ma6qb")]
transform = Transform3D(1.63745, 1.10018, 0.329186, -1.1326, 1.45249, 0.7794, 0.189672, -0.824532, 1.81223, -8.63024, 0.113178, 3.51962)

[node name="paper_twist_stacks" parent="World3D/Props/BuildingProps" instance=ExtResource("19_71dcx")]
transform = Transform3D(0.664631, 0, -0.747172, 0, 1, 0, 0.747172, 0, 0.664631, 5.6276, 0, 5.95875)

[node name="paper_twist_stacks2" parent="World3D/Props/BuildingProps" instance=ExtResource("19_71dcx")]
transform = Transform3D(1.19514, 0, 1.06378, 0, 1.6, 0, -1.06378, 0, 1.19514, -8.94039, 0, 4.80817)

[node name="paper_twist_stacks3" parent="World3D/Props/BuildingProps" instance=ExtResource("19_71dcx")]
transform = Transform3D(0.867864, 0, 2.23759, 0, 2.4, 0, -2.23759, 0, 0.867864, -35.1329, 6.04271, -4.5029)

[node name="paper_twist_stacks5" parent="World3D/Props/BuildingProps" instance=ExtResource("19_71dcx")]
transform = Transform3D(0.361614, 0, -2.3726, 0, 2.4, 0, 2.3726, 0, 0.361614, 30.2719, 6.03369, 6.6528)

[node name="paper_twist_stacks4" parent="World3D/Props/BuildingProps" instance=ExtResource("19_71dcx")]
transform = Transform3D(2.23801, 0, -0.86677, 0, 2.4, 0, 0.86677, 0, 2.23801, 6.77494, 6.02635, -18.0906)

[node name="cb_safe" parent="World3D/Props/BuildingProps" instance=ExtResource("20_8bdpp")]
transform = Transform3D(-0.942075, 0, 0.335402, 0, 1, 0, -0.335402, 0, -0.942075, 6.75124, 0, -2.20778)

[node name="cb_safe2" parent="World3D/Props/BuildingProps" instance=ExtResource("20_8bdpp")]
transform = Transform3D(-0.999999, 0, 0.00113446, 0, 1, 0, -0.00113446, 0, -0.999999, 4.45767, 0, -2.78631)

[node name="cb_safe3" parent="World3D/Props/BuildingProps" instance=ExtResource("20_8bdpp")]
transform = Transform3D(0.605863, 0, 0.795569, 0, 1, 0, -0.795569, 0, 0.605863, -11.3816, 0, 3.53945)

[node name="cb_safe4" parent="World3D/Props/BuildingProps" instance=ExtResource("20_8bdpp")]
transform = Transform3D(0.48209, 0, 0.876122, 0, 1, 0, -0.876122, 0, 0.48209, -10.2622, 0, 1.54939)

[node name="cb_safe5" parent="World3D/Props/BuildingProps" instance=ExtResource("20_8bdpp")]
transform = Transform3D(-0.896285, 0, 0.443477, 0, 1, 0, -0.443477, 0, -0.896285, -14.985, 6.04838, 33.5545)

[node name="cb_safe6" parent="World3D/Props/BuildingProps" instance=ExtResource("20_8bdpp")]
transform = Transform3D(-0.951825, 0, 0.306642, 0, 1, 0, -0.306642, 0, -0.951825, -17.1517, 6.04838, 32.8341)

[node name="cardboard_box" parent="World3D/Props/BuildingProps" instance=ExtResource("21_eobd2")]
transform = Transform3D(1, 0, 0, 0, 1, 0, 0, 0, 1, 11.8547, 0.000422627, 2.96233)

[node name="cardboard_box2" parent="World3D/Props/BuildingProps" instance=ExtResource("21_eobd2")]
transform = Transform3D(0.583845, 0, -0.138295, 0, 0.6, 0, 0.138295, 0, 0.583845, 11.8547, 1.67682, 2.96233)

[node name="cardboard_box3" parent="World3D/Props/BuildingProps" instance=ExtResource("21_eobd2")]
transform = Transform3D(0.57015, 0, 0.186894, 0, 0.6, 0, -0.186894, 0, 0.57015, 11.8547, 0.00107539, 4.75962)

[node name="gear8" parent="World3D/Props/BuildingProps" instance=ExtResource("17_tctok")]
transform = Transform3D(1.46304, 0.313269, 0.106599, -0.101875, 0.886146, -1.20597, -0.314838, 1.16902, 0.88559, 2.72641, 9.38625, -23.6013)

[node name="gear10" parent="World3D/Props/BuildingProps" instance=ExtResource("17_tctok")]
transform = Transform3D(2.20882, -1.5098, -0.362831, 0.716441, 1.55065, -2.09098, 1.37762, 1.61431, 1.66918, 42.2056, 7.82987, -37.3356)

[node name="gear9" parent="World3D/Props/BuildingProps" instance=ExtResource("17_tctok")]
transform = Transform3D(2.49355, 1.03505, -0.0297048, -0.954487, 2.26755, -1.11228, -0.401444, 1.03773, 2.46007, -49.3609, 7.88959, -23.8768)

[node name="gear11" parent="World3D/Props/BuildingProps" instance=ExtResource("17_tctok")]
transform = Transform3D(0.170006, 0.295988, 2.91005, -2.36012, 1.73587, -0.0386814, -1.72796, -2.3418, 0.339138, -36.4826, 5.2366, 47.9017)

[node name="cardboard_box4" parent="World3D/Props/BuildingProps" instance=ExtResource("21_eobd2")]
transform = Transform3D(2.01467, 0, -0.592529, 0, 2.1, 0, 0.592529, 0, 2.01467, 8.60216, 6.06639, -20.2415)

[node name="golf_club2" parent="World3D/Props/BuildingProps" instance=ExtResource("22_rarwc")]
transform = Transform3D(0.470452, 0.0607564, 0.158061, 0.0589399, 0.378774, -0.321023, -0.158748, 0.320685, 0.349229, 5.81679, 1.73689, 4.49377)

[node name="Pipes" type="Node3D" parent="World3D/Props"]

[node name="Kit1" type="Node3D" parent="World3D/Props/Pipes"]
transform = Transform3D(1, 0, 0, 0, 1, 0, 0, 0, 1, -14.2773, 0, 5.61431)

[node name="PipeConnector" parent="World3D/Props/Pipes/Kit1" instance=ExtResource("21_oqgu4")]
transform = Transform3D(-4.37114e-08, 1, 0, -1, -4.37114e-08, 0, 0, 0, 1, 0, 0.399295, 0)

[node name="PipeConnector2" parent="World3D/Props/Pipes/Kit1" instance=ExtResource("21_oqgu4")]
transform = Transform3D(-0.645684, 0, 0.763604, 0, 1, 0, -0.763604, 0, -0.645684, -5.24496, 7.4193, 1.39788)

[node name="PipeConnector3" parent="World3D/Props/Pipes/Kit1" instance=ExtResource("21_oqgu4")]
transform = Transform3D(-0.763604, 0, -0.645684, 0, 1, 0, 0.645684, 0, -0.763604, -1.99085, 7.4193, 1.63293)

[node name="PipeConnector4" parent="World3D/Props/Pipes/Kit1" instance=ExtResource("21_oqgu4")]
transform = Transform3D(5.46657e-09, 0.763604, -0.645684, 1, 2.98023e-08, 4.37114e-08, 5.26211e-08, -0.645684, -0.763604, 0.0312929, 5.10586, 0.0116954)

[node name="SmallElbowConnectorPipe" parent="World3D/Props/Pipes/Kit1" instance=ExtResource("23_felk4")]
transform = Transform3D(-0.645684, -0.763604, -3.33782e-08, 0, -4.37114e-08, 1, -0.763604, 0.645684, 2.82238e-08, -3.57525, 7.42775, 1.87353)

[node name="PipeConnector5" parent="World3D/Props/Pipes/Kit1" instance=ExtResource("21_oqgu4")]
transform = Transform3D(0.470445, 0.875, 0.114264, -0.0607674, -0.0970572, 0.993422, 0.880334, -0.474294, 0.00751133, -8.43857, 7.46389, -3.68464)

[node name="PipeConnector6" parent="World3D/Props/Pipes/Kit1" instance=ExtResource("21_oqgu4")]
transform = Transform3D(-4.37114e-08, -1, 0, 1, -4.37114e-08, 0, 0, 0, 1, -9.19239, 9.52112, -5.72486)

[node name="PipeConnector7" parent="World3D/Props/Pipes/Kit1" instance=ExtResource("21_oqgu4")]
transform = Transform3D(-0.258819, 0, 0.965926, 0, 1, 0, -0.965926, 0, -0.258819, -10.1545, 12.0637, -7.85623)

[node name="PipeConnector8" parent="World3D/Props/Pipes/Kit1" instance=ExtResource("21_oqgu4")]
transform = Transform3D(-0.258819, 0, 0.965926, 0, 1, 0, -0.965926, 0, -0.258819, -12.2427, 12.0637, -15.6495)

[node name="SmallElbowConnectorPipe3" parent="World3D/Props/Pipes/Kit1" instance=ExtResource("23_felk4")]
transform = Transform3D(0.470445, -0.114264, 0.875, -0.0607673, -0.993422, -0.0970572, 0.880334, -0.00751132, -0.474294, -8.99865, 8.51216, -4.95022)

[node name="SmallElbowConnectorPipe4" parent="World3D/Props/Pipes/Kit1" instance=ExtResource("23_felk4")]
transform = Transform3D(-0.289836, -0.0754859, 0.954095, 0.0607674, 0.993422, 0.0970573, -0.955145, 0.0861086, -0.283342, -9.59012, 10.8229, -6.32599)

[node name="SmallElbowConnectorPipe5" parent="World3D/Props/Pipes/Kit1" instance=ExtResource("23_felk4")]
transform = Transform3D(0.227824, 0.973702, 4.37114e-08, 4.80787e-08, -5.61413e-08, 1, 0.973702, -0.227824, -5.96046e-08, -13.731, 12.0663, -17.2021)

[node name="PipeConnector10" parent="World3D/Props/Pipes/Kit1" instance=ExtResource("21_oqgu4")]
transform = Transform3D(-0.930802, 0.186947, 0.314099, 0.311739, -0.0426744, 0.949209, 0.190856, 0.981443, -0.0185574, -22.9778, 12.2629, -15.7056)

[node name="SmallElbowConnectorPipe6" parent="World3D/Props/Pipes/Kit1" instance=ExtResource("23_felk4")]
transform = Transform3D(0.920291, 0.343679, 0.186948, -0.341909, 0.938764, -0.0426743, -0.190166, -0.0246462, 0.981443, -25.0572, 11.8672, -15.3241)

[node name="SmallElbowConnectorPipe2" parent="World3D/Props/Pipes/Kit1" instance=ExtResource("23_felk4")]
transform = Transform3D(-0.763605, 0, -0.645684, 0, 1, 0, 0.645684, 0, -0.763605, -0.599524, 6.45055, 0.433867)

[node name="LargeStraightPipe1" parent="World3D/Props/Pipes/Kit1" instance=ExtResource("24_pfcsj")]
transform = Transform3D(1.38001e-08, -0.194283, 0.776051, -1.3, -3.49691e-08, 1.48942e-15, 5.51236e-08, -0.776051, -0.194283, -0.000751495, 2.37471, -0.00753975)

[node name="LargeStraightPipe2" parent="World3D/Props/Pipes/Kit1" instance=ExtResource("24_pfcsj")]
transform = Transform3D(0.65, -0.168254, 0.67208, 1.11948e-07, -0.77605, -0.194283, 1.12583, 0.0971414, -0.388025, -6.83671, 7.48062, -1.00923)

[node name="LargeStraightPipe3" parent="World3D/Props/Pipes/Kit1" instance=ExtResource("24_pfcsj")]
transform = Transform3D(-0.439993, 0, 0.772741, 0, 0.8, 0, -1.64207, 0, -0.207055, -11.1187, 12.0624, -11.8145)

[node name="PipeConnector9" parent="World3D/Props/Pipes/Kit1" instance=ExtResource("21_oqgu4")]
transform = Transform3D(0.965926, 0, 0.258819, 0, 1, 0, -0.258819, 0, 0.965926, -15.2153, 12.0637, -17.765)

[node name="LargeStraightPipe4" parent="World3D/Props/Pipes/Kit1" instance=ExtResource("24_pfcsj")]
transform = Transform3D(1.64207, 0, 0.207055, 0, 0.8, 0, -0.439992, 0, 0.772741, -19.0502, 12.0624, -16.641)

[node name="PipeConnector11" parent="World3D/Props/Pipes/Kit1" instance=ExtResource("21_oqgu4")]
transform = Transform3D(0.315765, -0.945057, 0.0846091, 0.945728, 0.32069, 0.0524982, -0.076747, 0.0634401, 0.99503, -26.1964, 10.9268, -15.2454)

[node name="LargeStraightPipe5" parent="World3D/Props/Pipes/Kit1" instance=ExtResource("24_pfcsj")]
transform = Transform3D(0.536801, -0.756046, 0.0676873, 1.60774, 0.256552, 0.0419986, -0.13047, 0.0507521, 0.796024, -27.4488, 7.15294, -14.8462)

[node name="PipeShadow" parent="World3D/Props/Pipes/Kit1" instance=ExtResource("24_uev5m")]

[node name="Kit2" type="Node3D" parent="World3D/Props/Pipes"]
transform = Transform3D(-0.5, 0, -0.866025, 0, 1, 0, 0.866025, 0, -0.5, 14.4459, -0.00975329, 4.80281)

[node name="PipeConnector" parent="World3D/Props/Pipes/Kit2" instance=ExtResource("21_oqgu4")]
transform = Transform3D(-4.37114e-08, 1, 0, -1, -4.37114e-08, 0, 0, 0, 1, 0, 0.399295, 0)

[node name="PipeConnector2" parent="World3D/Props/Pipes/Kit2" instance=ExtResource("21_oqgu4")]
transform = Transform3D(-0.645684, 0, 0.763604, 0, 1, 0, -0.763604, 0, -0.645684, -5.24496, 7.4193, 1.39788)

[node name="PipeConnector3" parent="World3D/Props/Pipes/Kit2" instance=ExtResource("21_oqgu4")]
transform = Transform3D(-0.763604, 0, -0.645684, 0, 1, 0, 0.645684, 0, -0.763604, -1.99085, 7.4193, 1.63293)

[node name="PipeConnector4" parent="World3D/Props/Pipes/Kit2" instance=ExtResource("21_oqgu4")]
transform = Transform3D(5.46657e-09, 0.763604, -0.645684, 1, 2.98023e-08, 4.37114e-08, 5.26211e-08, -0.645684, -0.763604, 0.0312929, 5.10586, 0.0116954)

[node name="SmallElbowConnectorPipe" parent="World3D/Props/Pipes/Kit2" instance=ExtResource("23_felk4")]
transform = Transform3D(-0.645684, -0.763604, -3.33782e-08, 0, -4.37114e-08, 1, -0.763604, 0.645684, 2.82238e-08, -3.57525, 7.42775, 1.87353)

[node name="PipeConnector5" parent="World3D/Props/Pipes/Kit2" instance=ExtResource("21_oqgu4")]
transform = Transform3D(0.470445, 0.875, 0.114264, -0.0607674, -0.0970572, 0.993422, 0.880334, -0.474294, 0.00751133, -8.43857, 7.46389, -3.68464)

[node name="PipeConnector6" parent="World3D/Props/Pipes/Kit2" instance=ExtResource("21_oqgu4")]
transform = Transform3D(-4.37114e-08, -1, 0, 1, -4.37114e-08, 0, 0, 0, 1, -9.19239, 9.52112, -5.72486)

[node name="PipeConnector7" parent="World3D/Props/Pipes/Kit2" instance=ExtResource("21_oqgu4")]
transform = Transform3D(-0.258819, 0, 0.965926, 0, 1, 0, -0.965926, 0, -0.258819, -10.1545, 12.0637, -7.85623)

[node name="PipeConnector8" parent="World3D/Props/Pipes/Kit2" instance=ExtResource("21_oqgu4")]
transform = Transform3D(-0.258819, 0, 0.965926, 0, 1, 0, -0.965926, 0, -0.258819, -12.2427, 12.0637, -15.6495)

[node name="SmallElbowConnectorPipe3" parent="World3D/Props/Pipes/Kit2" instance=ExtResource("23_felk4")]
transform = Transform3D(0.470445, -0.114264, 0.875, -0.0607673, -0.993422, -0.0970572, 0.880334, -0.00751132, -0.474294, -8.99865, 8.51216, -4.95022)

[node name="SmallElbowConnectorPipe4" parent="World3D/Props/Pipes/Kit2" instance=ExtResource("23_felk4")]
transform = Transform3D(-0.289836, -0.0754859, 0.954095, 0.0607674, 0.993422, 0.0970573, -0.955145, 0.0861086, -0.283342, -9.59012, 10.8229, -6.32599)

[node name="SmallElbowConnectorPipe5" parent="World3D/Props/Pipes/Kit2" instance=ExtResource("23_felk4")]
transform = Transform3D(0.227824, 0.973702, 4.37114e-08, 4.80787e-08, -5.61413e-08, 1, 0.973702, -0.227824, -5.96046e-08, -13.731, 12.0663, -17.2021)

[node name="PipeConnector10" parent="World3D/Props/Pipes/Kit2" instance=ExtResource("21_oqgu4")]
transform = Transform3D(-0.930802, 0.186947, 0.314099, 0.311739, -0.0426744, 0.949209, 0.190856, 0.981443, -0.0185574, -22.9778, 12.2629, -15.7056)

[node name="SmallElbowConnectorPipe6" parent="World3D/Props/Pipes/Kit2" instance=ExtResource("23_felk4")]
transform = Transform3D(0.920291, 0.343679, 0.186948, -0.341909, 0.938764, -0.0426743, -0.190166, -0.0246462, 0.981443, -25.0572, 11.8672, -15.3241)

[node name="SmallElbowConnectorPipe2" parent="World3D/Props/Pipes/Kit2" instance=ExtResource("23_felk4")]
transform = Transform3D(-0.763605, 0, -0.645684, 0, 1, 0, 0.645684, 0, -0.763605, -0.599524, 6.45055, 0.433867)

[node name="LargeStraightPipe1" parent="World3D/Props/Pipes/Kit2" instance=ExtResource("24_pfcsj")]
transform = Transform3D(1.38001e-08, -0.194283, 0.776051, -1.3, -3.49691e-08, 1.48942e-15, 5.51236e-08, -0.776051, -0.194283, -0.000751495, 2.37471, -0.00753975)

[node name="LargeStraightPipe2" parent="World3D/Props/Pipes/Kit2" instance=ExtResource("24_pfcsj")]
transform = Transform3D(0.65, -0.168254, 0.67208, 1.11948e-07, -0.77605, -0.194283, 1.12583, 0.0971414, -0.388025, -6.83671, 7.48062, -1.00923)

[node name="LargeStraightPipe3" parent="World3D/Props/Pipes/Kit2" instance=ExtResource("24_pfcsj")]
transform = Transform3D(-0.439993, 0, 0.772741, 0, 0.8, 0, -1.64207, 0, -0.207055, -11.1187, 12.0624, -11.8145)

[node name="PipeConnector9" parent="World3D/Props/Pipes/Kit2" instance=ExtResource("21_oqgu4")]
transform = Transform3D(0.965926, 0, 0.258819, 0, 1, 0, -0.258819, 0, 0.965926, -15.2153, 12.0637, -17.765)

[node name="LargeStraightPipe4" parent="World3D/Props/Pipes/Kit2" instance=ExtResource("24_pfcsj")]
transform = Transform3D(1.64207, 0, 0.207055, 0, 0.8, 0, -0.439992, 0, 0.772741, -19.0502, 12.0624, -16.641)

[node name="PipeConnector11" parent="World3D/Props/Pipes/Kit2" instance=ExtResource("21_oqgu4")]
transform = Transform3D(0.315765, -0.945057, 0.0846091, 0.945728, 0.32069, 0.0524982, -0.076747, 0.0634401, 0.99503, -26.1964, 10.9268, -15.2454)

[node name="LargeStraightPipe5" parent="World3D/Props/Pipes/Kit2" instance=ExtResource("24_pfcsj")]
transform = Transform3D(0.536801, -0.756046, 0.0676873, 1.60774, 0.256552, 0.0419986, -0.13047, 0.0507521, 0.796024, -27.4488, 7.15294, -14.8462)

