[gd_scene load_steps=14 format=3 uid="uid://dr73mb443i5jj"]

[ext_resource type="PackedScene" uid="uid://c8flauti1cf1p" path="res://objects/modules/office/base_rooms/office_obstacle_room.tscn" id="1_pb5w1"]
[ext_resource type="Script" uid="uid://coxlnc5fxn07c" path="res://objects/modules/office/variants/office_obstacle_room_battle.gd" id="2_5wahr"]
[ext_resource type="PackedScene" uid="uid://dbrst2twjd0pu" path="res://objects/interactables/button/button.tscn" id="4_2pbvk"]
[ext_resource type="PackedScene" uid="uid://c3dlpvi042k41" path="res://objects/obstacles/activated_platform/activated_platform.tscn" id="5_qyy4m"]
[ext_resource type="PackedScene" uid="uid://dxyq5lb5oineo" path="res://objects/interactables/treasure_chest/treasure_chest.tscn" id="6_iu2v3"]
[ext_resource type="PackedScene" uid="uid://direah3lbjuu5" path="res://objects/battle/battle_node/battle_node.tscn" id="7_kgx7s"]
[ext_resource type="PackedScene" uid="uid://dflwjcy6fj0av" path="res://objects/cog/cog.tscn" id="8_pdp8a"]
[ext_resource type="PackedScene" uid="uid://bftnews8dsdpb" path="res://objects/props/office/paper_twist_stacks.tscn" id="9_pdny5"]
[ext_resource type="PackedScene" uid="uid://7l1mxomebm5y" path="res://objects/props/office/gavel.tscn" id="10_7l8tk"]
[ext_resource type="PackedScene" uid="uid://b4h3df6nrryna" path="res://objects/props/office/filing_cabinet.tscn" id="11_4sd45"]
[ext_resource type="PackedScene" uid="uid://umat7c5gw2t3" path="res://objects/props/office/filing_cabinet_open.tscn" id="12_j3cw0"]

[sub_resource type="ConcavePolygonShape3D" id="ConcavePolygonShape3D_1pdyn"]
data = PackedVector3Array(-1524.86, 142.529, -2647.35, -1524.86, 46.4515, -2647.38, -1670, 46.4515, -2647.61, -1670, 46.4515, -2647.61, -1670, 142.527, -2647.58, -1524.86, 142.529, -2647.35, -1379.72, 142.53, -2647.11, -1379.72, 46.4515, -2647.14, -1524.86, 46.4515, -2647.38, -1524.86, 46.4515, -2647.38, -1524.86, 142.529, -2647.35, -1379.72, 142.53, -2647.11, -1236.75, 142.531, -2646.88, -1236.75, 46.4515, -2646.91, -1379.72, 46.4515, -2647.14, -1379.72, 46.4515, -2647.14, -1379.72, 142.53, -2647.11, -1236.75, 142.531, -2646.88, -1111.06, 142.531, -2646.7, -1111.06, 46.4515, -2646.73, -1236.75, 46.4515, -2646.91, -1236.75, 46.4515, -2646.91, -1236.75, 142.531, -2646.88, -1111.06, 142.531, -2646.7, -1111.06, 142.531, -2646.7, -985.365, 142.531, -2646.52, -985.366, 46.4515, -2646.55, -985.366, 46.4515, -2646.55, -1111.06, 46.4515, -2646.73, -1111.06, 142.531, -2646.7, -985.365, 142.531, -2646.52, -859.671, 142.531, -2646.34, -859.674, 46.4515, -2646.37, -859.674, 46.4515, -2646.37, -985.366, 46.4515, -2646.55, -985.365, 142.531, -2646.52, -721.239, 142.36, -2646.38, -721.349, 46.2829, -2646.33, -859.674, 46.4515, -2646.37, -859.674, 46.4515, -2646.37, -859.671, 142.531, -2646.34, -721.239, 142.36, -2646.38, -721.239, 142.36, -2646.38, -580.29, 142.155, -2646.46, -580.528, 46.0809, -2646.33, -580.528, 46.0809, -2646.33, -721.349, 46.2829, -2646.33, -721.239, 142.36, -2646.38, -580.29, 142.155, -2646.46, -439.34, 141.951, -2646.55, -439.707, 45.8789, -2646.32, -439.707, 45.8789, -2646.32, -580.528, 46.0809, -2646.33, -580.29, 142.155, -2646.46)
backface_collision = true

[sub_resource type="BoxShape3D" id="BoxShape3D_7fbdh"]
size = Vector3(28.3809, 5.67927, 13.0482)

[node name="Root Scene" node_paths=PackedStringArray("activated_platforms") instance=ExtResource("1_pb5w1")]
script = ExtResource("2_5wahr")
activated_platforms = [NodePath("ActivatedPlatforms/activated_platform"), NodePath("ActivatedPlatforms/activated_platform2"), NodePath("ActivatedPlatforms/activated_platform3"), NodePath("ActivatedPlatforms/activated_platform4"), NodePath("ActivatedPlatforms/activated_platform5"), NodePath("ActivatedPlatforms/activated_platform5"), NodePath("ActivatedPlatforms/activated_platform6"), NodePath("ActivatedPlatforms/activated_platform7"), NodePath("ActivatedPlatforms/activated_platform8"), NodePath("ActivatedPlatforms/activated_platform9")]

[node name="GeometryTransformHelper5" parent="Z08_ALL/Z08/boiler_room/room/geometry_boiler_room/stairwall" index="0"]
visible = false

[node name="StaticBody3D" type="StaticBody3D" parent="Z08_ALL/Z08/boiler_room/room/geometry_boiler_room/platform_wall/GeometryTransformHelper8" index="0"]

[node name="CollisionShape3D" type="CollisionShape3D" parent="Z08_ALL/Z08/boiler_room/room/geometry_boiler_room/platform_wall/GeometryTransformHelper8/StaticBody3D" index="0"]
shape = SubResource("ConcavePolygonShape3D_1pdyn")

[node name="GeometryTransformHelper9" parent="Z08_ALL/Z08/boiler_room/room/geometry_boiler_room/stairs" index="0"]
visible = false

[node name="CollisionShape3D" parent="Z08_ALL/Z08/boiler_room/room/collsion_boiler_room/stairwall2/GeometryTransformHelper11/StaticBody3D" index="0"]
disabled = true

[node name="CollisionShape3D" parent="Z08_ALL/Z08/boiler_room/room/collsion_boiler_room/stairs33/GeometryTransformHelper17/StaticBody3D" index="0"]
disabled = true

[node name="P_Switch" parent="." index="10" instance=ExtResource("4_2pbvk")]
transform = Transform3D(0.996015, 0.0891898, -3.89861e-09, 0, -4.37114e-08, -1, -0.0891898, 0.996015, -4.35372e-08, 17.0046, 0.0381639, 9.17819)
up_color = Color(0.00392157, 0.870588, 0.988235, 1)
pressed_color = Color(1, 1, 0, 1)
retracts = true
retract_time = 15.0

[node name="ActivatedPlatforms" type="Node3D" parent="." index="11"]

[node name="activated_platform" parent="ActivatedPlatforms" index="0" instance=ExtResource("5_qyy4m")]
transform = Transform3D(0.869105, 0.49256, 0.0451676, -0.491896, 0.870278, -0.025564, -0.0519002, -1.86376e-09, 0.998652, 13.4712, 0.600248, 9.17165)

[node name="activated_platform2" parent="ActivatedPlatforms" index="1" instance=ExtResource("5_qyy4m")]
transform = Transform3D(0.998652, 0, 0.0519002, 0, 1, 0, -0.0519002, 0, 0.998652, 8.0429, 2.11394, 9.17165)

[node name="activated_platform3" parent="ActivatedPlatforms" index="2" instance=ExtResource("5_qyy4m")]
transform = Transform3D(0.998652, 0, 0.0519002, 0, 1, 0, -0.0519002, 0, 0.998652, 3.61459, 2.76903, 4.40586)

[node name="activated_platform4" parent="ActivatedPlatforms" index="3" instance=ExtResource("5_qyy4m")]
transform = Transform3D(0.998652, 0, 0.0519002, 0, 1, 0, -0.0519002, 0, 0.998652, 0.0824795, 3.59351, 7.95837)

[node name="activated_platform5" parent="ActivatedPlatforms" index="4" instance=ExtResource("5_qyy4m")]
transform = Transform3D(0.998652, -3.20211e-12, 0.0519002, 0.0235477, 0.891149, -0.453099, -0.0462508, 0.453711, 0.889948, -5.7318, 4.61185, 4.17597)

[node name="activated_platform6" parent="ActivatedPlatforms" index="5" instance=ExtResource("5_qyy4m")]
transform = Transform3D(0.998652, -6.54777e-10, 0.0519002, -0.0304798, 0.809386, 0.586485, -0.0420073, -0.587277, 0.808295, -13.6995, 4.61185, 7.35416)

[node name="activated_platform7" parent="ActivatedPlatforms" index="6" instance=ExtResource("5_qyy4m")]
transform = Transform3D(0.998652, -6.71746e-09, 0.0519002, -0.00302555, 0.998299, 0.0582172, -0.0518119, -0.0582958, 0.996954, -13.6995, 3.96496, -3.20807)

[node name="activated_platform8" parent="ActivatedPlatforms" index="7" instance=ExtResource("5_qyy4m")]
transform = Transform3D(0.998652, -6.71746e-09, 0.0519002, -0.00302555, 0.998299, 0.0582172, -0.0518119, -0.0582958, 0.996954, -19.3424, 3.96496, 11.1433)

[node name="activated_platform9" parent="ActivatedPlatforms" index="8" instance=ExtResource("5_qyy4m")]
transform = Transform3D(0.998652, -7.34433e-09, 0.0519002, 0.0230613, 0.895859, -0.443739, -0.0464953, 0.444338, 0.894652, -5.56913, 3.96496, -7.91628)

[node name="treasure_chest" parent="." index="12" instance=ExtResource("6_iu2v3")]
transform = Transform3D(-0.509717, 0, 0.860342, 0, 1, 0, -0.860342, 0, -0.509717, -20.0764, 4.17879, 12.086)

[node name="BattleNode2" parent="." index="13" node_paths=PackedStringArray("cogs") instance=ExtResource("7_kgx7s")]
transform = Transform3D(0.999995, -0.00329867, -2.13163e-13, 0.00329867, 0.999995, 1.44189e-10, -2.66454e-13, -1.4419e-10, 1, -0.831824, 3.30325, -23.7814)
cogs = [NodePath("Cog"), NodePath("Cog2"), NodePath("Cog3"), NodePath("Cog4")]

[node name="Cog" parent="BattleNode2" index="3" instance=ExtResource("8_pdp8a")]
transform = Transform3D(1, 0, 0, 0, 1, 0, 0, 2.77556e-16, 1, -4.24095, 0.0139896, 0)

[node name="Cog2" parent="BattleNode2" index="4" instance=ExtResource("8_pdp8a")]
transform = Transform3D(1, 0, 0, 0, 1, 0, 0, 3.33067e-16, 1, -1.34631, 0.00444106, 0)

[node name="Cog3" parent="BattleNode2" index="5" instance=ExtResource("8_pdp8a")]
transform = Transform3D(1, 0, 0, 0, 1, 0, 0, 2.77556e-16, 1, 1.47969, -0.00488102, 0)

[node name="Cog4" parent="BattleNode2" index="6" instance=ExtResource("8_pdp8a")]
transform = Transform3D(1, 0, 0, 0, 1, 0, 0, 3.05311e-16, 1, 4.40673, -0.0145364, 0)

[node name="CollisionShape3D" type="CollisionShape3D" parent="BattleNode2" index="7"]
transform = Transform3D(1, 3.78385e-23, 0, 3.84196e-23, 1, 0, 0, 2.63123e-14, 1, -0.390077, 1.95786, -2.33213)
shape = SubResource("BoxShape3D_7fbdh")

[node name="Props" type="Node3D" parent="." index="14"]

[node name="paper_twist_stacks" parent="Props" index="0" instance=ExtResource("9_pdny5")]
transform = Transform3D(1.79662, 0, -0.878718, 0, 2, 0, 0.878718, 0, 1.79662, 16.232, 0.00978681, -12.3844)

[node name="paper_twist_stacks2" parent="Props" index="1" instance=ExtResource("9_pdny5")]
transform = Transform3D(1.99528, 0, 0.137319, 0, 2, 0, -0.137319, 0, 1.99528, 7.72915, 0.00978681, -12.6768)

[node name="gavel" parent="Props" index="2" instance=ExtResource("10_7l8tk")]
transform = Transform3D(1.65947, -0.523228, -1.52116e-07, -0.523228, -1.65947, -6.60426e-16, -1.45075e-07, 4.5742e-08, -1.74, 19.7396, 4.87044, -9.39645)

[node name="filing_cabinet" parent="Props" index="3" instance=ExtResource("11_4sd45")]
transform = Transform3D(1.5, 0, 0, 0, 1.5, 0, 0, 0, 1.5, 14.0935, -0.0226916, -13.1105)

[node name="filing_cabinet2" parent="Props" index="4" instance=ExtResource("11_4sd45")]
transform = Transform3D(1.5, 0, 0, 0, 1.5, 0, 0, 0, 1.5, 13.21, -0.0226916, -13.1105)

[node name="filing_cabinet4" parent="Props" index="5" instance=ExtResource("11_4sd45")]
transform = Transform3D(1.5, 0, 0, 0, 1.5, 0, 0, 0, 1.5, 13.21, 1.82264, -13.1105)
visible = false

[node name="filing_cabinet5" parent="Props" index="6" instance=ExtResource("11_4sd45")]
transform = Transform3D(1.5, 0, 0, 0, 1.5, 0, 0, 0, 1.5, 14.0641, 1.82264, -13.1105)
visible = false

[node name="filing_cabinet12" parent="Props" index="7" instance=ExtResource("11_4sd45")]
transform = Transform3D(1.5, 0, 0, 0, 1.5, 0, 0, 0, 1.5, 15.3016, 1.82264, -13.1105)
visible = false

[node name="filing_cabinet13" parent="Props" index="8" instance=ExtResource("11_4sd45")]
transform = Transform3D(1.5, 0, 0, 0, 1.5, 0, 0, 0, 1.5, 16.3342, 1.82264, -13.1105)
visible = false

[node name="filing_cabinet14" parent="Props" index="9" instance=ExtResource("11_4sd45")]
transform = Transform3D(1.5, 0, 0, 0, 1.5, 0, 0, 0, 1.5, 17.1961, 1.82264, -13.1105)
visible = false

[node name="filing_cabinet15" parent="Props" index="10" instance=ExtResource("11_4sd45")]
transform = Transform3D(1.5, 0, 0, 0, 1.5, 0, 0, 0, 1.5, 18.1229, 1.82264, -13.1105)
visible = false

[node name="filing_cabinet6" parent="Props" index="11" instance=ExtResource("11_4sd45")]
transform = Transform3D(1.5, 0, 0, 0, 1.5, 0, 0, 0, 1.5, 12.3311, 1.82264, -13.1105)
visible = false

[node name="filing_cabinet7" parent="Props" index="12" instance=ExtResource("11_4sd45")]
transform = Transform3D(1.5, 0, 0, 0, 1.5, 0, 0, 0, 1.5, 11.4375, 1.82264, -13.1105)
visible = false

[node name="filing_cabinet8" parent="Props" index="13" instance=ExtResource("11_4sd45")]
transform = Transform3D(1.5, 0, 0, 0, 1.5, 0, 0, 0, 1.5, 10.3838, 1.82264, -13.1105)
visible = false

[node name="filing_cabinet9" parent="Props" index="14" instance=ExtResource("11_4sd45")]
transform = Transform3D(1.5, 0, 0, 0, 1.5, 0, 0, 0, 1.5, 9.14872, 1.82264, -13.1105)
visible = false

[node name="filing_cabinet10" parent="Props" index="15" instance=ExtResource("11_4sd45")]
transform = Transform3D(1.5, 0, 0, 0, 1.5, 0, 0, 0, 1.5, 7.68636, 1.82264, -13.1105)
visible = false

[node name="filing_cabinet11" parent="Props" index="16" instance=ExtResource("11_4sd45")]
transform = Transform3D(1.5, 0, 0, 0, 1.5, 0, 0, 0, 1.5, 6.50156, 1.82264, -13.1105)
visible = false

[node name="filing_cabinet3" parent="Props" index="17" instance=ExtResource("11_4sd45")]
transform = Transform3D(1.5, 0, 0, 0, 1.5, 0, 0, 0, 1.5, 11.4453, -0.0226916, -13.1105)

[node name="filing_cabinet_open" parent="Props" index="18" instance=ExtResource("12_j3cw0")]
transform = Transform3D(1.5, 0, 0, 0, 1.5, 0, 0, 0, 1.5, 12.3231, -0.0226916, -13.1105)

[connection signal="s_pressed" from="P_Switch" to="." method="_on_Switch_pressed"]
